0.000230361667818475
0.000230361667818475
0.000230361667818475
0.000230361667818475
0.000230361667818475
0.000230361667818475
0.000230361667818475
0.000230361667818475
0.00046072333563695
0.00046072333563695
0.000230361667818475
0.000230361667818475
0.000230361667818475
0.0009214466712739
0.00046072333563695
0.0009214466712739
0.00230361667818475
0.0036857866850956
0.0055286800276434
0.007601935038009675
0.013360976733471551
0.02441833678875835
0.04722414190278738
0.14052061736926974
0.7495968670813177
