2.613559144843448e-5
2.613559144843448e-5
2.613559144843448e-5
2.613559144843448e-5
2.613559144843448e-5
2.613559144843448e-5
2.613559144843448e-5
2.613559144843448e-5
5.227118289686896e-5
5.227118289686896e-5
7.840677434530344e-5
5.227118289686896e-5
5.227118289686896e-5
5.227118289686896e-5
7.840677434530344e-5
2.613559144843448e-5
5.227118289686896e-5
5.227118289686896e-5
7.840677434530344e-5
7.840677434530344e-5
2.613559144843448e-5
0.00015681354869060687
0.00015681354869060687
7.840677434530344e-5
0.00015681354869060687
0.0002352203230359103
0.00020908473158747583
0.00010454236579373791
0.00018294914013904133
0.00018294914013904133
0.00026135591448434476
0.00015681354869060687
0.00033976268882964823
0.0004965762375202551
0.0004704406460718206
0.00028749150593277925
0.00036589828027808267
0.0007056609691077309
0.0005749830118655585
0.0008886101092467723
0.0011761016151795515
0.0013851863467670273
0.0016204066698029377
0.0019078981757357169
0.0022476608645653653
0.002143118498771627
0.002064711724426324
0.003214677748157441
0.0034760336626417855
0.0038942031258167374
0.005671423344310282
0.006716847002247661
0.008677016360880247
0.010898541633997177
0.015027965082849825
0.019366473263289948
0.027938947258376458
0.03993518373320788
0.06288223302493336
0.10104019653964769
0.19789869844754587
0.47386440855156553
