1.5403099103539633e-5
1.5403099103539633e-5
1.5403099103539633e-5
1.5403099103539633e-5
1.5403099103539633e-5
1.5403099103539633e-5
1.5403099103539633e-5
1.5403099103539633e-5
1.5403099103539633e-5
1.5403099103539633e-5
1.5403099103539633e-5
3.0806198207079265e-5
3.0806198207079265e-5
3.0806198207079265e-5
1.5403099103539633e-5
1.5403099103539633e-5
1.5403099103539633e-5
1.5403099103539633e-5
3.0806198207079265e-5
1.5403099103539633e-5
1.5403099103539633e-5
1.5403099103539633e-5
6.161239641415853e-5
4.62092973106189e-5
4.62092973106189e-5
3.0806198207079265e-5
1.5403099103539633e-5
1.5403099103539633e-5
1.5403099103539633e-5
3.0806198207079265e-5
3.0806198207079265e-5
1.5403099103539633e-5
1.5403099103539633e-5
1.5403099103539633e-5
3.0806198207079265e-5
1.5403099103539633e-5
1.5403099103539633e-5
3.0806198207079265e-5
3.0806198207079265e-5
3.0806198207079265e-5
1.5403099103539633e-5
3.0806198207079265e-5
1.5403099103539633e-5
3.0806198207079265e-5
3.0806198207079265e-5
1.5403099103539633e-5
1.5403099103539633e-5
1.5403099103539633e-5
3.0806198207079265e-5
4.62092973106189e-5
4.62092973106189e-5
4.62092973106189e-5
1.5403099103539633e-5
1.5403099103539633e-5
6.161239641415853e-5
1.5403099103539633e-5
1.5403099103539633e-5
3.0806198207079265e-5
1.5403099103539633e-5
4.62092973106189e-5
6.161239641415853e-5
4.62092973106189e-5
3.0806198207079265e-5
3.0806198207079265e-5
3.0806198207079265e-5
1.5403099103539633e-5
1.5403099103539633e-5
1.5403099103539633e-5
1.5403099103539633e-5
4.62092973106189e-5
6.161239641415853e-5
7.701549551769816e-5
1.5403099103539633e-5
6.161239641415853e-5
1.5403099103539633e-5
1.5403099103539633e-5
1.5403099103539633e-5
6.161239641415853e-5
1.5403099103539633e-5
1.5403099103539633e-5
3.0806198207079265e-5
3.0806198207079265e-5
3.0806198207079265e-5
4.62092973106189e-5
1.5403099103539633e-5
9.24185946212378e-5
9.24185946212378e-5
6.161239641415853e-5
3.0806198207079265e-5
6.161239641415853e-5
3.0806198207079265e-5
3.0806198207079265e-5
1.5403099103539633e-5
7.701549551769816e-5
9.24185946212378e-5
1.5403099103539633e-5
4.62092973106189e-5
6.161239641415853e-5
9.24185946212378e-5
0.00012322479282831706
0.00010782169372477742
3.0806198207079265e-5
0.0001540309910353963
0.00010782169372477742
0.0002310464865530945
7.701549551769816e-5
0.0001540309910353963
3.0806198207079265e-5
6.161239641415853e-5
3.0806198207079265e-5
3.0806198207079265e-5
9.24185946212378e-5
1.5403099103539633e-5
9.24185946212378e-5
4.62092973106189e-5
4.62092973106189e-5
4.62092973106189e-5
7.701549551769816e-5
4.62092973106189e-5
4.62092973106189e-5
7.701549551769816e-5
3.0806198207079265e-5
1.5403099103539633e-5
1.5403099103539633e-5
7.701549551769816e-5
6.161239641415853e-5
3.0806198207079265e-5
4.62092973106189e-5
7.701549551769816e-5
3.0806198207079265e-5
6.161239641415853e-5
4.62092973106189e-5
6.161239641415853e-5
3.0806198207079265e-5
6.161239641415853e-5
1.5403099103539633e-5
3.0806198207079265e-5
3.0806198207079265e-5
4.62092973106189e-5
3.0806198207079265e-5
7.701549551769816e-5
3.0806198207079265e-5
6.161239641415853e-5
0.00010782169372477742
3.0806198207079265e-5
6.161239641415853e-5
4.62092973106189e-5
4.62092973106189e-5
4.62092973106189e-5
6.161239641415853e-5
3.0806198207079265e-5
7.701549551769816e-5
6.161239641415853e-5
1.5403099103539633e-5
6.161239641415853e-5
1.5403099103539633e-5
4.62092973106189e-5
0.00010782169372477742
9.24185946212378e-5
0.00012322479282831706
6.161239641415853e-5
6.161239641415853e-5
4.62092973106189e-5
3.0806198207079265e-5
9.24185946212378e-5
4.62092973106189e-5
7.701549551769816e-5
4.62092973106189e-5
4.62092973106189e-5
4.62092973106189e-5
6.161239641415853e-5
7.701549551769816e-5
0.00012322479282831706
0.00012322479282831706
0.00012322479282831706
0.00010782169372477742
7.701549551769816e-5
6.161239641415853e-5
6.161239641415853e-5
4.62092973106189e-5
7.701549551769816e-5
6.161239641415853e-5
7.701549551769816e-5
7.701549551769816e-5
0.00010782169372477742
6.161239641415853e-5
3.0806198207079265e-5
0.00012322479282831706
6.161239641415853e-5
3.0806198207079265e-5
7.701549551769816e-5
6.161239641415853e-5
7.701549551769816e-5
7.701549551769816e-5
7.701549551769816e-5
6.161239641415853e-5
7.701549551769816e-5
9.24185946212378e-5
9.24185946212378e-5
7.701549551769816e-5
9.24185946212378e-5
0.0001386278919318567
6.161239641415853e-5
0.0001540309910353963
6.161239641415853e-5
6.161239641415853e-5
0.00012322479282831706
0.0001540309910353963
3.0806198207079265e-5
4.62092973106189e-5
6.161239641415853e-5
1.5403099103539633e-5
7.701549551769816e-5
3.0806198207079265e-5
0.0001386278919318567
0.00012322479282831706
0.00012322479282831706
0.0001540309910353963
0.00010782169372477742
0.00021564338744955484
3.0806198207079265e-5
0.0001386278919318567
0.00020024028834601522
0.0001386278919318567
7.701549551769816e-5
0.00020024028834601522
9.24185946212378e-5
0.0001540309910353963
0.00016943409013893597
0.00010782169372477742
0.00012322479282831706
0.00010782169372477742
9.24185946212378e-5
0.0001386278919318567
0.00010782169372477742
9.24185946212378e-5
0.00010782169372477742
9.24185946212378e-5
0.00010782169372477742
7.701549551769816e-5
0.00016943409013893597
0.0001848371892424756
9.24185946212378e-5
6.161239641415853e-5
0.00012322479282831706
6.161239641415853e-5
3.0806198207079265e-5
0.00021564338744955484
0.00010782169372477742
9.24185946212378e-5
0.00010782169372477742
0.00010782169372477742
7.701549551769816e-5
0.00010782169372477742
9.24185946212378e-5
7.701549551769816e-5
7.701549551769816e-5
0.00016943409013893597
0.00012322479282831706
0.00021564338744955484
6.161239641415853e-5
0.0001540309910353963
0.0001848371892424756
0.00010782169372477742
0.0001540309910353963
0.00016943409013893597
0.00012322479282831706
9.24185946212378e-5
0.00016943409013893597
0.0001848371892424756
9.24185946212378e-5
0.00012322479282831706
0.00021564338744955484
0.00020024028834601522
6.161239641415853e-5
0.0001386278919318567
0.00010782169372477742
0.00012322479282831706
7.701549551769816e-5
0.0001386278919318567
0.0001386278919318567
0.0002464495856566341
0.0001540309910353963
0.00010782169372477742
0.00016943409013893597
6.161239641415853e-5
0.00010782169372477742
0.00016943409013893597
7.701549551769816e-5
0.0001386278919318567
0.0001848371892424756
0.0001540309910353963
9.24185946212378e-5
0.0001386278919318567
7.701549551769816e-5
6.161239641415853e-5
7.701549551769816e-5
0.0001540309910353963
0.0002310464865530945
0.0002310464865530945
0.0003080619820707926
0.00020024028834601522
0.0001386278919318567
0.00021564338744955484
0.000292658882967253
0.00016943409013893597
0.00033886818027787193
0.0002772557838637134
0.0001848371892424756
0.000292658882967253
0.0004158836757955701
0.00033886818027787193
0.0001848371892424756
0.00020024028834601522
0.0002618526847601737
0.00020024028834601522
0.000292658882967253
0.0001540309910353963
0.00020024028834601522
0.00021564338744955484
0.00016943409013893597
0.00021564338744955484
0.0001386278919318567
0.0002310464865530945
0.0002772557838637134
0.0003234650811743323
0.0001848371892424756
0.0002618526847601737
0.0002618526847601737
0.0003234650811743323
0.00020024028834601522
0.00021564338744955484
0.0003696743784849512
0.00033886818027787193
0.0003696743784849512
0.00040048057669203043
0.0003234650811743323
0.0005391084686238871
0.00044668987400264934
0.0004158836757955701
0.0003080619820707926
0.00035427127938141153
0.00035427127938141153
0.0004928991713132682
0.00044668987400264934
0.000585317765934506
0.0004774960722097286
0.00040048057669203043
0.000292658882967253
0.0004774960722097286
0.0006007208650380457
0.0005391084686238871
0.0007085425587628231
0.0005699146668309663
0.0008625735497982194
0.0012014417300760913
0.001386278919318567
0.0013708758202150273
0.007177844182249468
0.0024028834601521826
0.0016173254058716613
0.0015249068112504235
0.0008317673515911402
0.0005391084686238871
0.000924185946212378
0.0006623332614522042
0.0006007208650380457
0.0005699146668309663
0.0004928991713132682
0.0006623332614522042
0.0006931394596592835
0.0007701549551769816
0.0004774960722097286
0.0006623332614522042
0.0008163642524876005
0.0006777363605557439
0.0008933797480052987
0.0010628138381442347
0.0007701549551769816
0.0008317673515911402
0.000924185946212378
0.0009857983426265365
0.0008163642524876005
0.001340069622007948
0.0019407904870459936
0.007501309263423801
0.002295061766427405
0.001386278919318567
0.0008317673515911402
0.001509503712146884
0.0014170851175256461
0.0014016820184221065
0.0013092634238008687
0.00124765102738671
0.0012938603246973291
0.0014016820184221065
0.0013092634238008687
0.0015865192076645821
0.0014786975139398047
0.0014941006130433443
0.0014941006130433443
0.0014478913157327253
0.0016019223067681217
0.0019869997843566124
0.0016943409013893595
0.0018791780906318352
0.0036197282893318137
0.0021256276762884694
0.0017405501986999783
0.0014478913157327253
0.0014941006130433443
0.0014170851175256461
0.0017713563969070578
0.0020640152798743106
0.0017097440004928991
0.0019869997843566124
0.0017713563969070578
0.002171836973599088
0.0019869997843566124
0.0018945811897353748
0.0020948214780813898
0.0032962632081574815
0.002603123748498198
0.0028803795323619113
0.0028341702350512922
0.002171836973599088
0.003111426018915006
0.0026185268476017374
0.002680139244015896
0.003434891100089338
0.003065216721604387
0.005252456794307014
0.004004805766920304
0.0034656972982964173
0.0031268291180185453
0.003142232217122085
0.0038353716767813685
0.004420689442715875
0.00459012353285481
0.0058685807584486
0.0051754412987893164
0.004928991713132682
0.005930193154862758
0.006530914019900804
0.007085425587628231
0.006361479929761868
0.007162441083145929
0.007455099966113182
0.008132836326668925
0.010135239210129078
0.012045223498967993
0.013523921012907798
0.01380117679677151
0.015618742490989187
0.017913804257416593
0.024198268691660762
0.03524229074889868
0.03630510458704291
0.05123070761837282
0.07382705400326546
0.11980530482733126
0.3085702843412095
