1.867797306636284e-5
1.867797306636284e-5
1.867797306636284e-5
1.867797306636284e-5
1.867797306636284e-5
1.867797306636284e-5
1.867797306636284e-5
1.867797306636284e-5
1.867797306636284e-5
1.867797306636284e-5
1.867797306636284e-5
1.867797306636284e-5
3.735594613272568e-5
9.338986533181419e-5
1.867797306636284e-5
3.735594613272568e-5
5.603391919908851e-5
5.603391919908851e-5
7.471189226545135e-5
7.471189226545135e-5
3.735594613272568e-5
0.0001494237845309027
0.00013074581146453986
9.338986533181419e-5
0.00018677973066362838
0.00020545770372999123
0.00031752554212816824
0.0002614916229290797
0.0002428136498627169
0.00031752554212816824
0.00031752554212816824
0.0005976951381236108
0.0005603391919908852
0.0005976951381236108
0.0009525766263845047
0.0010272885186499562
0.0014382039261099386
0.0019425091989017352
0.0023907805524944433
0.002670950148489886
0.004165187993798913
0.005136442593249781
0.008405087879863278
0.011711089112609499
0.018285735631969217
0.03128560488615775
0.06298212517977549
0.14890080128504454
0.6940174452268439
