0.00013497098123903362
0.00013497098123903362
0.00026994196247806724
0.00013497098123903362
0.00013497098123903362
0.00013497098123903362
0.00013497098123903362
0.00013497098123903362
0.00013497098123903362
0.00013497098123903362
0.00040491294371710083
0.00013497098123903362
0.00040491294371710083
0.00026994196247806724
0.00013497098123903362
0.001079767849912269
0.0009447968686732353
0.0012147388311513024
0.0022945066810635714
0.002159535699824538
0.0014846807936293696
0.0039141584559319745
0.004049129437171008
0.005803752193278445
0.010527736536644622
0.016736401673640166
0.023754892698069914
0.05439330543933055
0.14279929815089756
0.7260089080847618
