0.0001295672454003628
0.0001295672454003628
0.0001295672454003628
0.0001295672454003628
0.0001295672454003628
0.0001295672454003628
0.0001295672454003628
0.0001295672454003628
0.0001295672454003628
0.0001295672454003628
0.0005182689816014512
0.0001295672454003628
0.0002591344908007256
0.0005182689816014512
0.0002591344908007256
0.00038870173620108835
0.001166105208603265
0.0010365379632029023
0.0015548069448043534
0.0020730759264058047
0.0016843741902047163
0.0019435086810054417
0.0032391811350090697
0.004405286343612335
0.006737496760818865
0.010494946877429386
0.01723244363824825
0.023322104172065303
0.05493651204975382
0.14394920963980307
0.722855662088624
