4.002721850858584e-5
4.002721850858584e-5
4.002721850858584e-5
4.002721850858584e-5
4.002721850858584e-5
4.002721850858584e-5
8.005443701717168e-5
4.002721850858584e-5
8.005443701717168e-5
8.005443701717168e-5
4.002721850858584e-5
4.002721850858584e-5
0.00016010887403434336
8.005443701717168e-5
0.0002801905295601009
0.00016010887403434336
0.00012008165552575751
0.00016010887403434336
0.00012008165552575751
0.0002001360925429292
0.00048032662210303006
0.00048032662210303006
0.00036024496657727256
0.0004002721850858584
0.0007204899331545451
0.0008805988071888884
0.0007204899331545451
0.001000680462714646
0.0013609254292919184
0.0016411159588520193
0.0023616058920065647
0.0033622863547212102
0.00404274906936717
0.005843973902253532
0.010367049593723731
0.01501020694071969
0.031181203218188368
0.055077452667814115
0.15258375695472923
0.7102429652163471
