0.00011222085063404781
0.00011222085063404781
0.00011222085063404781
0.00011222085063404781
0.00022444170126809562
0.00022444170126809562
0.00011222085063404781
0.0003366625519021434
0.0003366625519021434
0.00022444170126809562
0.00011222085063404781
0.000561104253170239
0.00022444170126809562
0.0003366625519021434
0.0006733251038042868
0.00022444170126809562
0.0007855459544383347
0.000561104253170239
0.001122208506340478
0.0013466502076085736
0.0003366625519021434
0.0006733251038042868
0.0014588710582426215
0.0012344293569745259
0.0015710919088766694
0.0012344293569745259
0.0020199753114128606
0.0012344293569745259
0.002693300415217147
0.003366625519021434
0.00460105487599596
0.003927729772191673
0.004713275726630008
0.006284367635506678
0.00662103018740882
0.011109864212770732
0.013466502076085737
0.019863090562226463
0.028055212658511953
0.04197059813713388
0.07047469419818202
0.14936595219391763
0.6158680282796544
