2.9925784055542255e-5
2.9925784055542255e-5
2.9925784055542255e-5
2.9925784055542255e-5
2.9925784055542255e-5
2.9925784055542255e-5
5.985156811108451e-5
2.9925784055542255e-5
2.9925784055542255e-5
5.985156811108451e-5
2.9925784055542255e-5
2.9925784055542255e-5
2.9925784055542255e-5
2.9925784055542255e-5
8.977735216662677e-5
5.985156811108451e-5
0.00011970313622216902
8.977735216662677e-5
5.985156811108451e-5
0.00011970313622216902
5.985156811108451e-5
0.00011970313622216902
0.00020948048838879577
8.977735216662677e-5
8.977735216662677e-5
0.00011970313622216902
0.00029925784055542256
0.0002693320564998803
0.00047881254488867607
0.00041896097677759155
0.00014962892027771128
0.0007182188173330142
0.0005685898970553029
0.0007481446013885564
0.0010174766578884367
0.0013466602824994014
0.0014364376346660283
0.0015860665549437395
0.001975101747665789
0.0020349533157768733
0.0029028010533875986
0.002813023701220972
0.0031122815417763947
0.004429016040220253
0.004488867608331338
0.005955231027052909
0.0067632271965525495
0.008199664831218577
0.010503950203495331
0.014603782619104621
0.018374431410102945
0.027561647115154415
0.03785611683026095
0.05985156811108451
0.10282499401484319
0.19020828345702656
0.48479770169978453
