1.5676192566349484e-5
1.5676192566349484e-5
1.5676192566349484e-5
1.5676192566349484e-5
1.5676192566349484e-5
1.5676192566349484e-5
3.135238513269897e-5
1.5676192566349484e-5
1.5676192566349484e-5
3.135238513269897e-5
1.5676192566349484e-5
3.135238513269897e-5
1.5676192566349484e-5
1.5676192566349484e-5
3.135238513269897e-5
4.7028577699048454e-5
4.7028577699048454e-5
3.135238513269897e-5
1.5676192566349484e-5
3.135238513269897e-5
1.5676192566349484e-5
4.7028577699048454e-5
7.838096283174743e-5
3.135238513269897e-5
6.270477026539793e-5
0.00012540954053079587
9.405715539809691e-5
0.00017243811822984434
0.0001097333479644464
6.270477026539793e-5
0.0001097333479644464
0.00015676192566349486
0.0001097333479644464
0.00023514288849524228
0.0002037905033625433
0.0003292000438933392
0.0002037905033625433
0.0004075810067250866
0.0003919048141587371
0.0005016381621231835
0.0006427238952203288
0.0005956953175212805
0.0004546095844241351
0.0007211048580520763
0.001034628709379066
0.0011600382499098619
0.0014108573309714538
0.0016930287971657443
0.002006552648492734
0.002476838425483219
0.003558495712561333
0.003997429104419119
0.005423962627956922
0.007430515276449656
0.009248953614146196
0.011757144424762113
0.017557335674311423
0.024157012744744556
0.03734069069304447
0.05867598877584612
0.10289852800551802
0.2022385602984747
0.4996002570895581
