3.6930349361104953e-5
3.6930349361104953e-5
3.6930349361104953e-5
3.6930349361104953e-5
3.6930349361104953e-5
3.6930349361104953e-5
3.6930349361104953e-5
7.386069872220991e-5
0.00011079104808331487
3.6930349361104953e-5
0.00011079104808331487
3.6930349361104953e-5
0.00011079104808331487
0.00014772139744441981
0.00014772139744441981
0.00014772139744441981
0.00014772139744441981
0.0001846517468055248
0.00014772139744441981
0.00011079104808331487
0.00011079104808331487
0.00014772139744441981
0.0002585124455277347
0.0002585124455277347
0.0001846517468055248
0.00014772139744441981
0.00014772139744441981
0.0005539552404165743
0.0007386069872220991
0.0005539552404165743
0.0005908855897776793
0.0007755373365832041
0.0009601890833887288
0.001809587118694143
0.001735726419971933
0.002326612009749612
0.0028436369008050816
0.0040992687790826505
0.005317970307999114
0.007164487776054361
0.008974074894748505
0.013811950661053254
0.020274761799246623
0.03264642883521678
0.050336066179186054
0.09454169436442869
0.20163970751163307
0.5452766083167147
